-3.9804
-6.1074
-5.7364
-1.1061
-4.9467
-1.8548
-5.153
-4.2483
-4.1834
-7.0419
-6.8333
-3.3206
-2.5181
-1.3432
-5.0987
-2.7022
-5.5164
-4.6212
-4.1694
-5.9525
-3.959
-4.6716
-3.8718
-6.6085
-3.864
-3.7067
-4.7329
-5.874
-2.3897
3.1058
-2.1933
-3.1016
-2.1276
-3.3851
-2.9692
-4.7571
-1.8909
-1.3923
-3.7201
-4.1104
-5.9207
-3.3503
-6.6141
-3.8231
-1.3167
-4.4318
-2.2819
-2.2846
-2.7517
-1.1916
-4.4815
-1.6765
-7.4248
-4.5417
-6.2241
-3.8021
-5.109
-7.2808
-3.601
-2.9846
-1.5735
-4.3086
-3.0194
-7.2777
-6.3403
-3.0253
-5.8235
-4.6167
-0.70417
-1.9775
-4.1986
-1.3773
-7.2822
-2.8993
-3.8954
-4.668
-2.8569
-3.2837
-3.057
-3.6087
-4.5307
-6.4603
-2.7067
-0.6217
-5.1856
-4.1808
-5.9525
-3.2306
-6.9775
-3.2677
-3.5759
-1.3454
-6.197
-3.3841
-1.5348
-4.8225
-3.5217
-3.6438
-3.4708
-4.8144
-3.9686
-3.6707
-5.3825
-3.1183
-3.9706
-2.2435
-2.7613
-4.7393
-2.7429
-7.0246
-3.2759
-3.3608
-4.6199
-1.8944
-2.0173
-7.6247
-6.978
-1.3453
-1.0488
-2.4577
-3.0812
-3.2754
-4.3182
1.0247
-2.0972
-4.6986
-5.0201
-5.6819
-5.837
-3.0979
-2.735
-4.8771
-4.4703
-0.93943
-1.5362
0.040658
-4.5065
-3.0249
-4.6995
-6.8925
-4.0262
-2.7013
-5.0225
-1.3042
-4.0949
-6.0181
-5.1195
-9.9971
-3.5622
-2.6009
-4.4972
-4.6154
-1.8465
-3.5071
-5.7493
-8.4792
-2.1045
2.5377
-3.7741
-6.0849
-2.587
-5.3982
-2.6763
-3.8
-4.7456
-4.1054
-1.3109
-4.4129
-1.8547
-4.3409
-6.2492
-2.1774
-1.6417
-4.2858
-3.2009
-2.8304
-4.2449
-7.0703
-5.06
-0.93419
-4.8795
-4.3131
-6.9947
-3.8401
-2.8031
-6.6144
-3.7439
-7.454
-2.8978
-6.0474
-7.5048
-4.3607
-11.639
2.9324
-5.3514
-3.6003
-4.9599
1.2214
-2.6391
-6.2849
