-1.9276
-3.4113
-1.9401
-1.7891
0.89827
-2.7846
-1.7557
-1.9348
-0.34583
-1.5336
-1.9445
-1.4715
1.7466
-0.19955
-3.4973
-2.4594
-1.7332
-3.8291
-0.65097
-1.9279
-1.107
-1.8245
-1.8904
-1.8814
-2.4002
-1.5328
0.26025
-2.4611
-2.0023
-2.0122
-1.8974
-2.7677
-1.9293
0.24439
0.68838
-1.7599
-0.63713
-3.8721
-1.8421
-1.311
-1.3805
-1.071
-1.8711
-0.94133
-1.9403
-1.9387
-1.9993
-2.8363
-4.1885
-1.8687
-2.1351
-1.9371
-0.44048
-4.0016
-1.842
-1.875
-1.9398
-3.7127
-3.4159
-2.7639
-1.633
-3.8824
-1.846
-1.7438
-2.2977
-1.9417
-2.0076
-1.6235
-2.8327
1.0741
-1.9315
-0.17881
0.90602
-1.533
0.044443
-2.5426
-0.027406
-2.7866
-2.8451
-1.8811
-0.38476
-1.8587
-1.7877
-1.6714
-1.9453
-1.8091
-1.837
-1.8629
-2.0304
-1.9343
1.6811
-1.9132
-1.7193
-1.7938
-1.7949
-1.9344
-2.8408
-2.8261
0.044734
-1.9396
-1.9394
-1.0955
-2.7545
-2.3551
-1.2268
-2.8439
-0.80418
-4.0246
-1.3597
-2.9537
-1.6529
-2.5271
-1.3444
2.3248
1.912
-2.8271
-1.5834
-1.8248
-1.1704
-2.9081
-1.9718
0.25926
-1.8562
-1.4163
-1.9194
0.17519
-0.47791
-0.72087
-1.866
-2.3391
-1.9402
-1.9414
-1.5366
-1.9122
-4.0201
-0.06682
-2.7766
-2.6764
0.18387
-0.65001
-0.14727
-1.7714
-2.856
-1.9404
-1.532
-1.6913
-2.391
-3.7478
-1.8841
0.6388
-1.1926
-1.1049
0.57282
-4.0227
-2.8034
-1.8112
-1.4093
-0.66222
-1.9418
-1.8127
-1.5323
-0.83258
-1.7536
-1.2159
-1.1723
-1.0746
0.18268
-1.745
-2.5526
-1.5346
-2.8533
-1.94
-2.2931
-1.1597
-1.9356
-2.834
-4.026
-1.9979
-1.5324
-1.8933
-2.0716
-2.8513
-2.9215
-2.2318
-1.1761
-2.243
-1.5324
-1.2513
-1.8898
1.5216
-1.6981
-2.9836
-1.8215
-1.8738
1.2211
0.17842
-1.9619
-1.5321
-1.9592
-1.4043
